0,0,0,0,0,0,0,0,0,
0,00,11,12,13,14,15,16,0,
0,19,20,21,22,23,24,25,0,
0,28,29,00,00,00,33,34,0,
0,37,38,00,00,00,42,43,0,
0,46,47,48,49,50,51,52,0,
0,55,56,57,58,59,60,0,0,
0,0,0,0,0,0,0,0,0


11,16
19,25
28,29
33,34
37,38
42,43
46,52
55,60

19,55
11,56
12,21
48,57
13,22
49,58
14,23
50,59
15,60
16,52


0,0,0,0,0,0,0,
0,1,1,1,1,1,0,
0,1,0,0,0,1,0,
0,1,0,1,0,1,0,
0,1,0,1,0,1,0,
0,1,0,1,1,1,0,
0,0,0,0,0,0,0

00,00,00,00,00,00,00,
00,08,09,10,11,12,00,
00,15,00,00,00,19,00,
00,22,00,24,00,26,00,
00,29,00,31,00,33,00,
00,36,00,38,39,40,00,
00,00,00,00,00,00,00



../levels/003.xml: 0.03125, [4, 1, 3, 2, 4, 1, 4, 2, 1, 3]
Solution: 1,4,2,1,3,2,4,1,3,4
0,0,0,0,0,0,0,
0,1,1,1,0,1,0,
0,1,0,1,0,1,0,
0,1,1,1,1,1,0,
0,0,0,1,0,1,0,
0,1,1,1,0,1,0,
0,0,0,0,0,0,0

0,00,00,00,00,00,00,
0,08,09,10,00,12,00,
0,15,00,17,00,19,00,
0,22,23,24,25,26,00,
0,00,00,31,00,33,00,
0,36,37,38,00,40,00,
0,00,00,00,00,00,00


LEVEL 9

0,0,0,0,0,0,0,0,0,
0,1,1,1,0,1,1,1,0,
0,1,1,1,1,1,1,1,0,
0,1,0,0,0,1,1,1,0,
0,1,1,1,1,1,1,0,0,
0,0,0,0,0,0,1,1,0,
0,1,1,1,0,0,1,1,0,
0,1,0,1,1,1,1,1,0,
0,0,0,0,0,0,0,0,0

Sol: 1,4,2,4,1,4,1,3,4,2,3,2,4,3,1,4,1,3,2,3,2,1,4,2,4,2,3,1,4,1
00,00,00,00,00,00,00,00,00,
00,10,11,12,00,14,15,16,00,
00,19,20,21,22,23,24,25,00,
00,28,00,00,00,32,33,34,00,
00,37,38,39,40,41,42,00,00,
00,00,00,00,00,00,51,52,00,
00,55,56,57,00,00,60,61,00,
00,64,00,66,67,68,69,70,00,
00,00,00,00,00,00,00,00,00


LEVEL 17



